init package
12 128

12 128  
2 128 128 160 160 160 160 160 160 	
2 129 255 160 160 160 160 160 160 
3 128 160 160 160 160 160 160 160 
4 128 245 243 229 242 160 160 160

p0
17 128 129 129 128 128 128 128 128 	

p1
12 128
p2
12 128
p3
6 128 128 135
p4
17 128 129 129 128 128 128 128 128
p5
14 128 129
p6
19 128 160 160 160 160 160 160 160
20 128 160 160 160 160 160 128 128

p7
2 128 128 160 160 160 160 160 160
2 129 255 160 160 160 160 160 160

p8
4 128 245 243 229 242 160 160 160
p9
3 128 160 160 160 160 160 160 160
p10
1 224 134 172 149 193 225 255 255 	
1 224 134 173 149 193 225 255 255 		
1 224 134 174 149 193 225 255 255 		
1 224 134 175 149 193 225 255 255 		
1 224 134 176 150 193 225 255 255 		
1 224 134 176 150 193 225 255 255 
1 224 134 175 149 193 225 255 255 
1 224 134 174 149 193 225 255 255 
1 224 134 173 149 193 225 255 255 
1 224 134 171 149 193 225 255 255 1 224 134 169 149 193 225 255 255 1 224
134 167 148 193 225 255 255 1 224 134 164 148 193 225 255 255
1 224 134 162 148 193 225 255 255 1 224 134 160 148 193 225
255 255 1 224 134 158 147 193 225 255 255 1 224 134 157 147
193 225 255 255 1 224 134 156 147 193 225 255 255 1 224 134
154 147 193 225 255 255 1 224 134 154 147 193 225 255 255 1
224 134 153 147 193 225 255 255 1 224 134 153 147 193 225 255
255 1 224 134 153 147 193 225 255 255 1 224 134 152 147 193
225 255 255 1 224 134 152 147 193 225 255 255 1 224 134 152
147 193 225 255 255 1 224 134 152 147 193 225 255 255 1 224
134 153 147 193 225 255 255 1 224 134 154 147 193 225 255 255
1 224 134 157 147 193 225 255 255 1 224 134 163 148 193 225
255 255 1 224 134 170 149 193 225 255 255 1 224 134 179 150
193 225 255 255 1 224 134 188 151 193 225 255 255 1 224 134
197 152 193 225 255 255 1 224 134 203 153 193 225 255 255
