write
125 129 162 128 128 128 128 128 128 125
129 167 128 128 128 128 128 128 125 129
168 128 128 128 128 128 128 125 129 169
128 128 128 128 128 128 125 129 170 128
128 128 128 128 128 125 129 176 128 128
128 128 128 128


read p0
12 128 12 128
2 128 128 160 160 160 160 160 160
2 129 255 160 160 160 160 160 160
3 128 160 160 160 160 160 160 160
4 128 245 243 229 242 160 160 160
17 128 129 129 128 128 128 128 128

write p0
125 129 167 128 128 128 128 128 128

read p1
12 128

write p1
125 129 162 128 128 128 128 128 128

read p2
12 128

write p2
125 129 160 128 128 128 128 128 128

read p3
6 128 128 135

write p3
125 129 176 128 128 128 128 128 128

read p4
17 128 129 129 128 128 128 128 128

write p4
125 129 172 128 128 128 128 128 128

readp5
14 128 129

write p5
125 129 179 128 128 128 128 128 128

read p6
19 128 160 160 160 160 160 160 160 20 128 160 160 160 160 160
128 128

write p6
125 129 168 128 128 128 128 128 128

read p7
2 128 128 160 160 160 160 160 160 2 129 255 160 160 160 160
160 160

write p7
125 129 170 128 128 128 128 128 128

read p8
4 128 245 243 229 242 160 160 160

write p8
125 129 169 128 128 128 128 128 128

read p9
3 128 160 160 160 160 160 160 160

write p9
125 129 161 128 128 128 128 128 128

read p10
1 224 133 203 153 211 226 255 255 1 224 133 202 153 211 226
255 255





